// THESE ARE IN THE ORDER THAT THEY APPEAR IN THE BOOK, AS SEPARATED BY SECTIONS
//
// ALPHABET (24 - 25)
156, 333, 552, 741, 820, 892, 898, 919, 973, 977, 3341, 3776
// DOWN ON THE FARM (30 - 47)
434, 498, 500, 640, 701, 702, 729, 741, 743, 780, 801, 814, 895, 898, 906, 911, 912, 919, 924, 938, 939, 947, 975, 991, 3046, 3776, 3823, 3826, 3828, 3852, 3855, 3857
333, 666, 701, 702, 817, 817, 829, 832, 838, 891, 895, 898, 902, 906, 912, 913, 919, 934, 936, 938, 939, 947, 970, 972, 975, 976, 987, 995, 996, 3032, 3706, 3750, 3818, 3821, 3823, 3837, 3857, 5200
221, 301, 327, 335, 402, 498, 606, 701, 702, 704, 718, 741, 745, 796, 797, 800, 815, 890, 895, 902, 909, 917, 938, 939, 973, 995, 3340, 3607, 3685, 3818, 3853
154, 208, 210, 301, 433, 444, 550, 552, 701, 702, 741, 791, 816, 890, 895, 898, 902, 904, 906, 910, 915, 918, 920, 934, 939, 946, 973, 988, 995, 3341, 3607, 3706, 3722, 3818, 3827, 3834, 3855, 5200
155, 221, 333, 347, 500, 550, 601, 703, 718, 740, 814, 904, 905, 907, 915, 939, 986, 3371, 3607, 3608, 3746, 3834, 3855, 3862
164, 300, 333, 400, 444, 501, 699, 701, 702, 740, 741, 822, 890, 898, 902, 910, 919, 937, 975, 986, 3609, 3689, 3777, 3826, 3847, 3848, 3851
154, 209, 333, 349, 517, 606, 699, 701, 702, 712, 741, 801, 816, 823, 890, 895, 898, 910, 939, 946, 958, 995, 996, 3371, 3746, 3750, 3766, 3777, 3843, 3845
301, 318, 355, 400, 414, 415, 444, 535, 741, 783, 823, 898, 938, 3776, 3826, 3857, White
3072, 967, 957, 819, 894, 603, 3806
3819, 907, 704, 704, 470, 702, 987, 986
973, 444, 741, 947, 720, 817, 400
747, 3811, 809, 959, 996, 995, 796
433, 434, 780, 801, 829, 898, 922, 975, 976, 3825
740, 743, 898, 920, 208, 400, 444, 606, 741, 782, 938, 996
154, 223, 301, 310, 444, 451, 552, 606, 718, 739, 741, 796, 797, 801, 813, 815, 817, 920, 975, 977, 995, 3031, 3371, 3853, 3857
420, 433, 444, 470, 642, 676, 703, 831, 833, 898, 919, 934, 935, 936, 938, 987, 3046, 3823, 3853
611, 676, 780, 782, 898, 3046, 3687, 3799, 3823, 5200
154, 221, 351, 743, 746, 838, 967, 3824, 3853, 3858
350, 402, 498, 744, 898, 919, 938, 947, 3341, 3823, 3826, 3857
157, 169, 208, 300, 413, 451, 452, 743, 791, 793, 823, 938, 972, 3743, 3746, 3799, 3834, 3853, 3854, 3857, White
208, 311, 312, 336, 471, 522, 554, 666, 699, 702, 743, 747, 791, 798, 815, 890, 891, 909, 920, 939, 970, 972, 996, 3706, 3799, 3837, 3843, 3846, 3857, 5200
208, 444, 500, 606, 720, 741, 744, 754, 780, 783, 796, 798, 816, 898, 905, 906, 911, 932, 938, 939, 975, 991, 3340, 3776, 3777, 3799, 3854, 5200
209, 304, 310, 317, 318, 350, 413, 700, 701, 775, 791, 797, 827, 890, 898, 938, 975, 996, 3799, 5200
300, 310, 317, 413, 414, 444, 505, 648, 796, 798, 823, 844, 919, 926, 927, 938, 958, 975, 3776, 3777, 3845
// FRIENDS (50 - 79)
157, 311, 367, 500, 518, 563, 598, 720, 740, 742, 743, 745, 793, 797, 816, 823, 898, 902, 918, 919, 995, 3607, 3609, 3803, 3837, 3843, 3856, 5200
307, 336, 355, 552, 647, 801, 818, 898, 947, 957, 3341, 3371, 3746, 3777, 3787, 3836, 3857, 3865
307, 327, 350, 351, 444, 720, 722, 796, 813, 945, 947, 951, 995, 996, 3341, 3705, 3761, 3799, 3802, 3823, 3825, 3831, Ecru
154, 157, 321, 340, 720, 792, 793, 796, 797, 816, 817, 820, 823, 945, 995, 996, 3341, 3802, 3827, 3843, 5200
311, 312, 400, 471, 522, 666, 741, 743, 815, 890, 891, 898, 919, 920, 970, 972, 3706, 3799, 3843, 3846, 3853, 3857, 5200
552, 666, 720, 739, 758, 797, 798, 816, 820, 891, 902, 995, 996, 3731, Ecru
169, 310, 312, 327, 336, 351, 415, 550, 606, 739, 741, 801, 827, 844, 890, 906, 931, 975, 977, 995, 3825, 3835, 3837, 3843
159, 300, 307, 349, 413, 434, 444, 445, 680, 701, 712, 741, 780, 783, 815, 833, 895, 898, 926, 930, 3854, 3857
552, 718, 741, 796, 797, 813, 995
163, 336, 367, 550, 824, 825, 841, 842, 890, 892, 906, 945, 995, 996, 3341, 3348, 3726, 3835, 3837, 5200
300, 301, 310, 318, 400, 414, 452, 613, 645, 680, 721, 797, 798, 934, 938, 939, 973, 3346, 3756, 3799, 3825, 3857
159, 422, 435, 444, 498, 701, 712, 744, 783, 895, 926, 930, 939, 977, 3756, 3825, 3853, 3857
300, 310, 311, 355, 400, 434, 701, 721, 722, 728, 823, 895, 898, 902, 904, 907, 921, 938, 973, 995, 3024, 3765, 3825, 3856
157, 300, 550, 552, 646, 647, 718, 797, 798, 799, 823, 892, 902, 918, 920, 938, 973, 995, 3041, 3778, 5200
159, 300, 333, 444, 445, 550, 552, 702, 741, 747, 780, 783, 793, 798, 815, 891, 895, 898, 919, 926, 930, 996, 3608, 3609, 3776, 3803, 3826, 3846, 3865
154, 210, 211, 221, 309, 315, 316, 335, 340, 352, 550, 554, 718, 725, 791, 792, 798, 820, 3350, 3685, 3722, 3727, 3746, 3778, 3831, 3834
154, 351, 414, 498, 553, 702, 742, 744, 780, 798, 823, 918, 938, 991, 995, 3752, 3756, 3776, 3777, 3808, 3825, 3857
154, 444, 699, 704, 783, 815, 898, 910, 918, 946, 975, 3750, 3776, 3777
155, 300, 317, 350, 445, 725, 746, 797, 823, 898, 918, 919, 920, 945, 995, 996, 3341, 3371, 3685, 3825, 3853
155, 208, 210, 211, 300, 311, 312, 336, 561, 647, 791, 797, 815, 823, 844, 3021, 3041, 3341, 3371, 3746, 3770, 3817, 3821, 3833, 3834, 3844, 5200
208, 336, 400, 444, 498, 550, 554, 712, 729, 744, 754, 783, 791, 838, 839, 909, 918, 920, 3371, 3685, 3746, 3777, 3778, 3826, 3830, 3837, 3853
158, 161, 208, 211, 225, 336, 554, 605, 718, 791, 797, 818, 893, 995, 3608, 3609, 3713, 3746, 3770, 3811, 3835, 3845, 3850, 3865
221, 347, 355, 367, 646, 725, 741, 777, 791, 798, 809, 814, 823, 839, 895, 898, 904, 906, 921, 927, 938, 3371, 3776, 3777, 3825, 3826, 3844, 3857, Ecru
154, 166, 300, 400, 422, 610, 644, 741, 783, 825, 840, 841, 895, 906, 910, 918, 921, 938, 939, 975, 3826, 3853
154, 169, 300, 304, 413, 608, 699, 702, 722, 741, 742, 840, 895, 898, 906, 918, 921, 938, 3685, 3776, 3855, 5200
154, 155, 160, 211, 315, 333, 347, 355, 356, 721, 839, 894, 902, 924, 938, 3608, 3722, 3771, 3817, 3820, 3848, 3853, 5200
156, 208, 300, 316, 550, 552, 554, 561, 699, 702, 712, 741, 762, 815, 818, 909, 918, 920, 938, 939, 976, 977, 3837, 3857
150, 307, 326, 327, 445, 608, 646, 721, 741, 890, 900, 912, 920, 951, 959, 3341, 3802, 3823, 3856, White
154, 162, 168, 301, 310, 317, 318, 501, 791, 794, 815, 820, 890, 898, 902, 922, 938, 939, 995, 996, 3371, 3825, 3838, 3857
154, 159, 300, 327, 336, 444, 451, 676, 677, 701, 712, 718, 741, 780, 791, 801, 816, 844, 895, 926, 930, 938, 939, 3032, 3746, 3756
169, 301, 310, 311, 312, 317, 350, 355, 356, 415, 500, 581, 644, 701, 758, 801, 823, 902, 920, 938, 939, 945, 950, 988, 3024, 3340, 3740, 3750, 3756, 3799, 3802, 3818, 3825, 3835, 3857
154, 157, 209, 300, 310, 333, 451, 535, 699, 701, 720, 738, 740, 745, 777, 793, 912, 918, 947, 3341, 3799, 3825, 5200
158, 159, 300, 319, 333, 434, 444, 598, 610, 632, 644, 701, 782, 801, 823, 898, 906, 926, 930, 938, 976, 3031, 3756, 3826, 3827, 3857
154, 209, 317, 347, 564, 608, 741, 742, 772, 815, 823, 913, 915, 947, 951, 987, 3340, 3341, 3371, 3746, 3750, 3832, 3837, 3856, 5200
327, 351, 550, 722, 740, 791, 792, 809, 939, 3031, 3747, 3825, 3837
154, 209, 223, 311, 315, 351, 444, 451, 550, 552, 632, 718, 754, 783, 817, 920, 939, 3031, 3326, 3350, 3371, 3811, 3843, 3865
158, 333, 351, 809, 902, 939, 945, 3341, 3371, 3721, 3746, 3799, 3824, 5200
307, 327, 350, 351, 444, 720, 722, 796, 813, 945, 947, 951, 995, 996, 3341, 3761, 3799, 3802, 3823, 3825, 3831, Ecru
552, 666, 720, 739, 758, 816, 820, 891, 902, 995, 996, 3731, Ecru
163, 336, 367, 444, 550, 606, 739, 741, 801, 817, 824, 825, 741, 742, 890, 892, 906, 945, 975, 977, 995, 3341, 3726, 3755, 3835, 3837, 5200
300, 310, 311, 355, 400, 434, 452, 701, 721, 722, 728, 823, 895, 898, 902, 904, 907, 921, 938, 973, 995, 3765, 3770, 3825
210, 211, 221, 309, 315, 316, 335, 340, 352, 550, 554, 718, 725, 791, 792, 798, 820, 3350, 3685, 3722, 3727, 3746, 3778, 3831, 3834, White
155, 300, 350, 445, 725, 746, 797, 823, 898, 918, 919, 920, 945, 995, 996, 3341, 3371, 3685, 3825, 3853
158, 161, 211, 225, 336, 554, 605, 718, 791, 797, 818, 995, 3608, 3713, 3746, 3811, 3835, 3845, 3865
154, 169, 300, 304, 402, 413, 608, 699, 702, 722, 741, 742, 840, 895, 898, 906, 918, 921, 938, 3685, 3776, 3827, 3855, 5200
150, 307, 326, 327, 445, 608, 721, 741, 900, 912, 920, 951, 3341, 3755, 3802, 3823, 3856, 5200
169, 301, 310, 311, 312, 317, 350, 355, 356, 415, 500, 581, 644, 701, 758, 801, 823, 902, 920, 938, 939, 945, 988, 3024, 3340, 3740, 3750, 3756, 3799, 3802, 3818, 3824, 3825, 3835, 3857
154, 209, 317, 347, 564, 608, 741, 742, 772, 823, 913, 915, 947, 951, 987, 996, 3340, 3341, 3371, 3746, 3750, 3832, 3856, 5200
158, 333, 351, 758, 809, 902, 939, 945, 3341, 3721, 3746, 3799, 3824, 5200
// IN THE VALLEY
152, 350, 445, 718, 902, 973, 3805, 3834
827, 519, 322, 820
3846, 3845, 3809, 823
333, 792, 3746, 820
3072, 967, 603, 351
907, 912, 910, 890
973, 972, 3853, 301
333, 739, 741, 791, 820, 890, 911, 913, 938, 946, 995, 996, 3032, 3608, 3609, 3740, 3750, 3777, 3843, 5200
820, 824, 995, 996, 3843
208, 445, 741, 772, 791, 958, 996, 3607, 3746, 3806, 5200
151, 414, 415, 720, 729, 762, 823, 915, 3685, 3747, 3799, 3801, 3840
333, 517, 741, 791, 939, 958, 3608, 3750, 3845
310, 413, 414, 550, 552, 728, 809, 895, 902, 987, 3777, 3860, 5200
210, 225, 498, 701, 741, 754, 796, 798, 814, 895, 898, 912, 947, 957, 975, 996, 3325, 3609, 3705, 3776, 3803, 3834, 3837
162, 444, 553, 597, 743, 801, 818, 838, 911, 975, 3326, 3328, 3348, 3371, 3802, 3820
799, 825, 913, 955, 3752, 3809, 3811, 3814, 3823
154, 310, 400, 434, 445, 606, 640, 701, 702, 726, 729, 739, 740, 741, 801, 817, 895, 906, 909, 919, 938, 939, 973, 975, 977, 3046, 3820, 3823, 3826, 3857
300, 400, 701, 728, 739, 740, 783, 801, 918, 919, 946, 947, 3799, 3818, 3863
210, 307, 445, 604, 783, 898, 989, 3341, 3721, 3752
498, 666, 721, 743, 819, 957, 3685, 5200
433, 500, 606, 740, 745, 793, 798, 815, 890, 909, 973, 3747, 3824, 5200
433, 436, 712, 739, 744, 799, 816, 829, 898, 976
307, 680, 701, 703, 741, 797, 816, 817, 822, 895, 902, 939, 995, 3829, 3837, 3844, 3852
307, 433, 500, 909, 911, 912, 3818, 3852
150, 154, 310, 321, 336, 350, 632, 783, 814, 824, 946, 973, 995, 3685
301, 310, 317, 355, 503, 823, 824, 902, 926, 934, 939, 955, 975, 977, 987, 3799, 3813, 3844
154, 160, 300, 310, 327, 350, 351, 718, 780, 814, 817, 839, 902, 910, 930, 938, 975, 977, 3607, 3831
154, 300, 310, 349, 355, 402, 522, 642, 680, 701, 702, 741, 797, 798, 829, 890, 893, 906, 909, 917, 938, 939, 945, 973, 996, 3046, 3770, 3802
211, 312, 333, 340, 445, 893, 996, 5200
