907     5
909     8
3761     2
470     2
471     2
351     11
352     2
355     10
597     1
598     2
356     3
910     7
912     8
3755     2
915     5
3756     7
917     2
918     14
919     14
3771     1
367     4
920     15
800     1
801     14
922     2
3765     2
3766     1
927     2
809     6
498     8
934     5
813     4
3776     12
814     6
935     1
936     2
3777     11
816     10
937     1
3778     4
938     31
817     10
818     5
819     2
820     11
700     1
822     2
823     22
945     12
824     5
704     4
946     6
3787     1
825     4
947     12
827     3
829     4
151     1
152     1
154     22
155     5
156     2
157     5
158     5
950     1
951     6
159     5
831     1
832     1
712     7
833     2
957     4
958     4
838     4
959     2
718     13
839     4
162     2
163     2
164     1
166     1
168     1
840     3
3325     1
720     10
841     2
842     1
721     7
601     1
722     7
3685     11
3687     1
604     1
605     2
606     9
3689     1
728     4
729     4
608     6
3341     20
3340     6
970     3
972     5
973     14
610     2
611     1
975     17
976     5
613     1
977     9
739     9
3350     3
White     4
3348     2
3346     1
501     2
986     3
744     6
987     7
503     1
988     3
746     3
747     3
989     1
991     3
632     3
754     4
758     5
519     1
3371     15
3803     3
640     2
3805     1
3806     2
762     2
400     12
642     2
522     3
3808     1
402     4
644     4
645     1
646     3
648     1
3801     1
3802     9
3024     3
3021     1
890     16
891     6
3814     1
892     4
893     3
772     3
894     2
3817     2
3818     7
3819     1
775     1
898     32
414     6
535     2
777     2
415     5
3813     1
3032     3
780     9
3825     17
3826     10
782     3
3705     2
3706     4
3827     4
420     1
3828     1
300     22
301     10
422     2
3829     1
666     6
304     3
3820     3
3821     2
309     2
3823     11
3824     5
3046     5
3041     2
550     14
3836     1
792     5
3837     12
793     6
552     12
794     1
311     9
553     2
796     10
433     6
312     7
554     7
434     7
797     16
676     3
435     1
677     1
799     3
315     4
316     3
3831     5
319     1
3833     1
3834     8
3713     2
3835     7
Ecru     5
680     4
3847     1
3726     2
561     2
3848     2
3727     2
321     2
564     2
322     1
445     11
326     2
327     9
3840     1
208     10
3609     6
3721     3
3722     4
3608     7
3607     6
3844     4
3845     6
3860     1
451     5
210     6
452     3
333     15
335     3
699     8
336     11
3850     1
3851     1
3731     2
3854     3
3855     5
3856     6
3857     20
581     2
3072     2
221     6
223     2
225     3
347     5
349     3
3740     3
3862     1
900     2
3863     1
902     21
3743     1
3865     5
904     5
3746     17
