// Alex
300, 301, 310, 318, 400, 414, 452, 613, 645, 680, 721, 797, 798, 934, 938, 939, 973, 3346, 3756, 3799, 3825, 3857
300, 310, 311, 355, 400, 434, 701, 721, 722, 728, 823, 895, 898, 902, 904, 907, 921, 938, 973, 995, 3024, 3765, 3825, 3856
300, 310, 311, 355, 400, 434, 452, 701, 721, 722, 728, 823, 895, 898, 902, 904, 907, 921, 938, 973, 995, 3765, 3770, 3825

// Elliott
221, 347, 355, 367, 646, 725, 741, 777, 791, 798, 809, 814, 823, 839, 895, 898, 904, 906, 921, 927, 938, 3371, 3776, 3777, 3825, 3826, 3844, 3857, Ecru
154, 169, 300, 304, 413, 608, 699, 702, 722, 741, 742, 840, 895, 898, 906, 918, 921, 938, 3685, 3776, 3855, 5200
154, 169, 300, 304, 402, 413, 608, 699, 702, 722, 741, 742, 840, 895, 898, 906, 918, 921, 938, 3685, 3776, 3827, 3855, 5200

// Harvey
154, 162, 168, 301, 310, 317, 318, 501, 791, 794, 815, 820, 890, 898, 902, 922, 938, 939, 995, 996, 3371, 3825, 3838, 3857
169, 301, 310, 311, 312, 317, 350, 355, 356, 415, 500, 581, 644, 701, 758, 801, 823, 902, 920, 938, 939, 945, 950, 988, 3024, 3340, 3740, 3750, 3756, 3799, 3802, 3818, 3825, 3835, 3857
169, 301, 310, 311, 312, 317, 350, 355, 356, 415, 500, 581, 644, 701, 758, 801, 823, 902, 920, 938, 939, 945, 988, 3024, 3340, 3740, 3750, 3756, 3799, 3802, 3818, 3824, 3825, 3835, 3857

// Sam
154, 351, 414, 498, 553, 702, 742, 744, 780, 798, 823, 918, 938, 991, 995, 3752, 3756, 3776, 3777, 3808, 3825, 3857
155, 300, 317, 350, 445, 725, 746, 797, 823, 898, 918, 919, 920, 945, 995, 996, 3341, 3371, 3685, 3825, 3853
155, 300, 350, 445, 725, 746, 797, 823, 898, 918, 919, 920, 945, 995, 996, 3341, 3371, 3685, 3825, 3853

// Sebastian
327, 351, 550, 722, 740, 791, 792, 809, 939, 3031, 3747, 3825, 3837
158, 333, 351, 809, 902, 939, 945, 3341, 3371, 3721, 3746, 3799, 3824, 5200
158, 333, 351, 758, 809, 902, 939, 945, 3341, 3721, 3746, 3799, 3824, 5200

// Shane
169, 310, 312, 327, 336, 351, 415, 550, 606, 739, 741, 801, 827, 844, 890, 906, 931, 975, 977, 995, 3825, 3835, 3837, 3843
163, 336, 367, 550, 824, 825, 841, 842, 890, 892, 906, 945, 995, 996, 3341, 3348, 3726, 3835, 3837, 5200
163, 336, 367, 444, 550, 606, 739, 741, 801, 817, 824, 825, 741, 742, 890, 892, 906, 945, 975, 977, 995, 3341, 3726, 3755, 3835, 3837, 5200

// Abigail
155, 208, 210, 211, 300, 311, 312, 336, 561, 647, 791, 797, 815, 823, 844, 3021, 3041, 3341, 3371, 3746, 3770, 3817, 3821, 3833, 3834, 3844, 5200
158, 161, 208, 211, 225, 336, 554, 605, 718, 791, 797, 818, 893, 995, 3608, 3609, 3713, 3746, 3770, 3811, 3835, 3845, 3850, 3865
158, 161, 211, 225, 336, 554, 605, 718, 791, 797, 818, 995, 3608, 3713, 3746, 3811, 3835, 3845, 3865

// Emily
154, 157, 321, 340, 720, 792, 793, 796, 797, 816, 817, 820, 823, 945, 995, 996, 3341, 3802, 3827, 3843, 5200
552, 666, 720, 739, 758, 797, 798, 816, 820, 891, 902, 995, 996, 3731, Ecru
552, 666, 720, 739, 758, 816, 820, 891, 902, 995, 996, 3731, Ecru

// Haley
157, 311, 367, 500, 518, 563, 598, 720, 740, 742, 743, 745, 793, 797, 816, 823, 898, 902, 918, 919, 995, 3607, 3609, 3803, 3837, 3843, 3856, 5200
307, 327, 350, 351, 444, 720, 722, 796, 813, 945, 947, 951, 995, 996, 3341, 3705, 3761, 3799, 3802, 3823, 3825, 3831, Ecru
307, 327, 350, 351, 444, 720, 722, 796, 813, 945, 947, 951, 995, 996, 3341, 3761, 3799, 3802, 3823, 3825, 3831, Ecru

// Leah
154, 157, 209, 300, 310, 333, 451, 535, 699, 701, 720, 738, 740, 745, 777, 793, 912, 918, 947, 3341, 3799, 3825, 5200
154, 209, 317, 347, 564, 608, 741, 742, 772, 815, 823, 913, 915, 947, 951, 987, 3340, 3341, 3371, 3746, 3750, 3832, 3837, 3856, 5200
154, 209, 317, 347, 564, 608, 741, 742, 772, 823, 913, 915, 947, 951, 987, 996, 3340, 3341, 3371, 3746, 3750, 3832, 3856, 5200

// Maru
157, 300, 550, 552, 646, 647, 718, 797, 798, 799, 823, 892, 902, 918, 920, 938, 973, 995, 3041, 3778, 5200
154, 210, 211, 221, 309, 315, 316, 335, 340, 352, 550, 554, 718, 725, 791, 792, 798, 820, 3350, 3685, 3722, 3727, 3746, 3778, 3831, 3834
210, 211, 221, 309, 315, 316, 335, 340, 352, 550, 554, 718, 725, 791, 792, 798, 820, 3350, 3685, 3722, 3727, 3746, 3778, 3831, 3834, White

// Penny
154, 155, 160, 211, 315, 333, 347, 355, 356, 721, 839, 894, 902, 924, 938, 3608, 3722, 3771, 3817, 3820, 3848, 3853, 5200
150, 307, 326, 327, 445, 608, 646, 721, 741, 890, 900, 912, 920, 951, 959, 3341, 3802, 3823, 3856, White
150, 307, 326, 327, 445, 608, 721, 741, 900, 912, 920, 951, 3341, 3755, 3802, 3823, 3856, 5200
