434, 498, 500, 640, 701, 702, 729, 741, 743, 780, 801, 814, 895, 898, 906, 911, 912, 919, 924, 938, 939, 947, 975, 991, 3046, 3776, 3823, 3826, 3828, 3852, 3855, 3857
333, 666, 701, 702, 817, 817, 829, 832, 838, 891, 895, 898, 902, 906, 912, 913, 919, 934, 936, 938, 939, 947, 970, 972, 975, 976, 987, 995, 996, 3032, 3706, 3750, 3818, 3821, 3823, 3837, 3857, 5200
221, 301, 327, 335, 402, 498, 606, 701, 702, 704, 718, 741, 745, 796, 797, 800, 815, 890, 895, 902, 909, 917, 938, 939, 973, 995, 3340, 3607, 3685, 3818, 3853
154, 208, 210, 301, 433, 444, 550, 552, 701, 702, 741, 791, 816, 890, 895, 898, 902, 904, 906, 910, 915, 918, 920, 934, 939, 946, 973, 988, 995, 3341, 3607, 3706, 3722, 3818, 3827, 3834, 3855, 5200
155, 221, 333, 347, 500, 550, 601, 703, 718, 740, 814, 904, 905, 907, 915, 939, 986, 3371, 3607, 3608, 3746, 3834, 3855, 3862
164, 300, 333, 400, 444, 501, 699, 701, 702, 740, 741, 822, 890, 898, 902, 910, 919, 937, 975, 986, 3609, 3689, 3777, 3826, 3847, 3848, 3851
154, 209, 333, 349, 517, 606, 699, 701, 702, 712, 741, 801, 816, 823, 890, 895, 898, 910, 939, 946, 958, 995, 996, 3371, 3746, 3750, 3766, 3777, 3843, 3845
3072, 967, 957, 819, 894, 603, 3806
3819, 907, 704, 704, 470, 702, 987, 986
973, 444, 741, 947, 720, 817, 400
747, 3811, 809, 959, 996, 995, 796
