907     3
909     4
3761     1
470     2
350     5
471     2
351     7
352     1
355     6
598     2
356     2
910     5
911     2
3752     1
912     4
913     2
915     3
3756     6
917     1
918     11
919     11
3770     2
3771     1
367     3
920     12
800     1
921     4
801     9
922     2
924     2
3765     1
3766     1
926     6
927     2
809     4
498     6
930     5
931     1
932     1
934     4
813     3
3776     10
814     3
935     1
936     2
815     11
3777     9
816     7
937     1
3778     3
938     24
817     6
939     18
818     3
819     1
820     5
700     1
701     14
822     1
702     12
823     15
703     2
945     6
824     1
704     4
946     3
3787     1
825     2
947     8
827     2
829     2
150     1
154     16
155     4
156     2
157     5
158     3
950     1
951     3
159     5
831     1
832     1
712     6
833     2
957     2
958     2
3799     11
838     3
959     2
718     9
839     3
160     1
161     1
162     1
163     1
164     1
166     1
168     1
3326     1
169     4
840     2
720     7
841     2
842     1
721     4
601     1
722     4
3685     5
844     4
603     1
967     2
3687     1
725     3
605     1
606     6
3689     1
728     1
729     2
608     3
3341     13
3340     4
970     3
972     4
973     7
610     2
611     1
975     11
976     4
613     1
977     5
738     1
739     3
3350     2
740     6
White     3
3348     1
741     23
500     5
742     4
3346     1
743     7
501     2
986     3
744     5
987     4
745     3
988     2
746     2
747     3
505     1
991     3
995     19
632     2
996     13
754     3
758     2
517     1
518     1
3371     12
3803     2
640     1
3806     1
762     1
400     9
642     1
522     2
3808     1
402     2
644     3
645     1
646     3
647     3
648     1
3802     4
5200     17
3024     2
3021     1
890     11
891     5
892     3
893     1
772     1
894     2
3817     2
895     13
3818     4
3819     1
775     1
413     5
898     26
414     4
535     2
777     2
415     3
3811     3
3032     2
3031     4
780     8
3825     13
3826     9
782     3
3705     1
3706     4
3827     3
783     9
420     1
3828     1
300     16
301     7
422     2
666     4
304     2
307     4
3820     1
3821     2
309     1
3823     7
3824     2
3046     3
3041     2
791     12
550     11
3836     1
792     3
3837     9
793     5
552     10
310     9
794     1
3838     1
311     7
553     1
796     8
433     3
312     5
554     5
434     5
797     12
676     3
798     10
435     1
677     1
799     1
315     3
316     2
317     6
318     4
3830     1
3831     2
319     1
3832     1
3833     1
3834     5
3713     1
3835     4
Ecru     3
680     2
3847     1
3726     1
561     2
3848     2
3727     1
563     1
321     1
564     1
444     18
445     4
326     1
327     6
208     9
3609     4
209     5
3721     1
3722     3
3608     4
3843     7
3607     4
3844     2
3845     3
3846     3
451     5
3858     1
210     3
452     2
211     4
333     10
335     2
699     7
336     8
3850     1
3851     1
3852     1
3731     1
3853     11
3854     3
3855     4
3856     4
3857     18
3750     5
581     1
3072     1
340     2
221     5
223     2
225     1
347     4
349     2
3740     1
3862     1
900     1
902     12
3743     1
3865     4
904     4
905     2
3746     11
906     10
3747     1
